{
  "nbformat": 4,
  "nbformat_minor": 0,
  "metadata": {
    "colab": {
      "provenance": [],
      "gpuType": "T4",
      "authorship_tag": "ABX9TyMWI4g2Ho2YQVkWuLQUNWf0",
      "include_colab_link": true
    },
    "kernelspec": {
      "name": "python3",
      "display_name": "Python 3"
    },
    "language_info": {
      "name": "python"
    },
    "accelerator": "GPU"
  },
  "cells": [
    {
      "cell_type": "markdown",
      "metadata": {
        "id": "view-in-github",
        "colab_type": "text"
      },
      "source": [
        "<a href=\"https://colab.research.google.com/github/Ryuta-Y/pytorch-practice/blob/main/pytorch_practice_1.ipynb\" target=\"_parent\"><img src=\"https://colab.research.google.com/assets/colab-badge.svg\" alt=\"Open In Colab\"/></a>"
      ]
    },
    {
      "cell_type": "code",
      "execution_count": 1,
      "metadata": {
        "id": "KFhTH57-FFuL"
      },
      "outputs": [],
      "source": [
        "%matplotlib inline"
      ]
    },
    {
      "cell_type": "code",
      "source": [
        "import torch\n",
        "import numpy as np"
      ],
      "metadata": {
        "id": "EZr3MTPOJQB2"
      },
      "execution_count": 2,
      "outputs": []
    },
    {
      "cell_type": "code",
      "source": [
        "data=[[1,2],[3,4]]\n",
        "x_data=torch.tensor(data)\n",
        "#print(data)\n",
        "#print(x_data)"
      ],
      "metadata": {
        "id": "lKEUax4zJQKZ"
      },
      "execution_count": 3,
      "outputs": []
    },
    {
      "cell_type": "code",
      "source": [
        "np_array=np.array(data)\n",
        "x_np=torch.from_numpy(np_array)\n",
        "#print(np_array)\n",
        "#print(x_np)"
      ],
      "metadata": {
        "id": "7SAYPc-TJQNH"
      },
      "execution_count": 4,
      "outputs": []
    },
    {
      "cell_type": "code",
      "source": [
        "x_ones=torch.ones_like(x_data)\n",
        "print(x_ones)\n",
        "x_rand=torch.rand_like(x_data, dtype=torch.float)\n",
        "print(x_rand)"
      ],
      "metadata": {
        "colab": {
          "base_uri": "https://localhost:8080/"
        },
        "id": "RCFTvumaJQQC",
        "outputId": "987bbc96-2192-4e4f-83af-c995ab1eeda5"
      },
      "execution_count": 5,
      "outputs": [
        {
          "output_type": "stream",
          "name": "stdout",
          "text": [
            "tensor([[1, 1],\n",
            "        [1, 1]])\n",
            "tensor([[0.7730, 0.4441],\n",
            "        [0.3846, 0.3481]])\n"
          ]
        }
      ]
    },
    {
      "cell_type": "code",
      "source": [
        "tensor=torch.rand(3,4,)\n",
        "zeros_tensor=torch.zeros(tensor.shape, dtype=torch.float)\n",
        "print(tensor)\n",
        "print(zeros_tensor)\n",
        "print(tensor.device)\n",
        "print(zeros_tensor.device)\n",
        "\n"
      ],
      "metadata": {
        "colab": {
          "base_uri": "https://localhost:8080/"
        },
        "id": "aUiA6cj2JQS9",
        "outputId": "0f7ec11d-8ee5-421b-a2af-e1626fbe1b6c"
      },
      "execution_count": 6,
      "outputs": [
        {
          "output_type": "stream",
          "name": "stdout",
          "text": [
            "tensor([[0.3894, 0.5937, 0.0898, 0.6306],\n",
            "        [0.8536, 0.2244, 0.9405, 0.4238],\n",
            "        [0.8971, 0.2983, 0.0399, 0.9676]])\n",
            "tensor([[0., 0., 0., 0.],\n",
            "        [0., 0., 0., 0.],\n",
            "        [0., 0., 0., 0.]])\n",
            "cpu\n",
            "cpu\n"
          ]
        }
      ]
    },
    {
      "cell_type": "code",
      "source": [
        "if torch.cuda.is_available():\n",
        "  tensor=tensor.to('cuda')\n",
        "print(tensor.device)"
      ],
      "metadata": {
        "colab": {
          "base_uri": "https://localhost:8080/"
        },
        "id": "Yg_53sfpLNZ5",
        "outputId": "44b90e2d-f8ca-4caf-c7c8-79379e0b6390"
      },
      "execution_count": 7,
      "outputs": [
        {
          "output_type": "stream",
          "name": "stdout",
          "text": [
            "cuda:0\n"
          ]
        }
      ]
    },
    {
      "cell_type": "code",
      "source": [
        "tensor=torch.rand(4,4)\n",
        "print(tensor)\n",
        "print(tensor[0,:])\n",
        "print(tensor[1])\n",
        "print(tensor[:,0])\n",
        "print(tensor[...,-1])\n",
        "tensor[:,1]=0\n",
        "print(tensor)\n"
      ],
      "metadata": {
        "colab": {
          "base_uri": "https://localhost:8080/"
        },
        "id": "SW6XtJTSLN4t",
        "outputId": "329f8850-d1ee-4e09-c1ec-b2f90bad0820"
      },
      "execution_count": 8,
      "outputs": [
        {
          "output_type": "stream",
          "name": "stdout",
          "text": [
            "tensor([[0.1889, 0.9097, 0.6829, 0.1118],\n",
            "        [0.5405, 0.3498, 0.6053, 0.7788],\n",
            "        [0.1852, 0.8503, 0.9092, 0.8866],\n",
            "        [0.7128, 0.0750, 0.1215, 0.4514]])\n",
            "tensor([0.1889, 0.9097, 0.6829, 0.1118])\n",
            "tensor([0.5405, 0.3498, 0.6053, 0.7788])\n",
            "tensor([0.1889, 0.5405, 0.1852, 0.7128])\n",
            "tensor([0.1118, 0.7788, 0.8866, 0.4514])\n",
            "tensor([[0.1889, 0.0000, 0.6829, 0.1118],\n",
            "        [0.5405, 0.0000, 0.6053, 0.7788],\n",
            "        [0.1852, 0.0000, 0.9092, 0.8866],\n",
            "        [0.7128, 0.0000, 0.1215, 0.4514]])\n"
          ]
        }
      ]
    },
    {
      "cell_type": "code",
      "source": [
        "t1=torch.cat([tensor,tensor,tensor],dim=1)\n",
        "print(t1)\n",
        "print(t1.shape)\n",
        "t2=torch.cat([tensor,tensor,tensor],dim=0)\n",
        "print(t2)\n",
        "print(t2.shape)"
      ],
      "metadata": {
        "colab": {
          "base_uri": "https://localhost:8080/"
        },
        "id": "Df7jn1G2NyKS",
        "outputId": "9c147017-c9dd-4214-c162-ee4f62bf92a3"
      },
      "execution_count": 9,
      "outputs": [
        {
          "output_type": "stream",
          "name": "stdout",
          "text": [
            "tensor([[0.1889, 0.0000, 0.6829, 0.1118, 0.1889, 0.0000, 0.6829, 0.1118, 0.1889,\n",
            "         0.0000, 0.6829, 0.1118],\n",
            "        [0.5405, 0.0000, 0.6053, 0.7788, 0.5405, 0.0000, 0.6053, 0.7788, 0.5405,\n",
            "         0.0000, 0.6053, 0.7788],\n",
            "        [0.1852, 0.0000, 0.9092, 0.8866, 0.1852, 0.0000, 0.9092, 0.8866, 0.1852,\n",
            "         0.0000, 0.9092, 0.8866],\n",
            "        [0.7128, 0.0000, 0.1215, 0.4514, 0.7128, 0.0000, 0.1215, 0.4514, 0.7128,\n",
            "         0.0000, 0.1215, 0.4514]])\n",
            "torch.Size([4, 12])\n",
            "tensor([[0.1889, 0.0000, 0.6829, 0.1118],\n",
            "        [0.5405, 0.0000, 0.6053, 0.7788],\n",
            "        [0.1852, 0.0000, 0.9092, 0.8866],\n",
            "        [0.7128, 0.0000, 0.1215, 0.4514],\n",
            "        [0.1889, 0.0000, 0.6829, 0.1118],\n",
            "        [0.5405, 0.0000, 0.6053, 0.7788],\n",
            "        [0.1852, 0.0000, 0.9092, 0.8866],\n",
            "        [0.7128, 0.0000, 0.1215, 0.4514],\n",
            "        [0.1889, 0.0000, 0.6829, 0.1118],\n",
            "        [0.5405, 0.0000, 0.6053, 0.7788],\n",
            "        [0.1852, 0.0000, 0.9092, 0.8866],\n",
            "        [0.7128, 0.0000, 0.1215, 0.4514]])\n",
            "torch.Size([12, 4])\n"
          ]
        }
      ]
    },
    {
      "cell_type": "code",
      "source": [
        "print(tensor)\n",
        "print(tensor.T)\n",
        "\n",
        "tensor@tensor.T"
      ],
      "metadata": {
        "colab": {
          "base_uri": "https://localhost:8080/"
        },
        "id": "j-ouqjouNzGv",
        "outputId": "1de8127d-ef56-4399-a6fe-18b17bd622ef"
      },
      "execution_count": 10,
      "outputs": [
        {
          "output_type": "stream",
          "name": "stdout",
          "text": [
            "tensor([[0.1889, 0.0000, 0.6829, 0.1118],\n",
            "        [0.5405, 0.0000, 0.6053, 0.7788],\n",
            "        [0.1852, 0.0000, 0.9092, 0.8866],\n",
            "        [0.7128, 0.0000, 0.1215, 0.4514]])\n",
            "tensor([[0.1889, 0.5405, 0.1852, 0.7128],\n",
            "        [0.0000, 0.0000, 0.0000, 0.0000],\n",
            "        [0.6829, 0.6053, 0.9092, 0.1215],\n",
            "        [0.1118, 0.7788, 0.8866, 0.4514]])\n"
          ]
        },
        {
          "output_type": "execute_result",
          "data": {
            "text/plain": [
              "tensor([[0.5145, 0.6025, 0.7550, 0.2681],\n",
              "        [0.6025, 1.2650, 1.3409, 0.8104],\n",
              "        [0.7550, 1.3409, 1.6470, 0.6427],\n",
              "        [0.2681, 0.8104, 0.6427, 0.7266]])"
            ]
          },
          "metadata": {},
          "execution_count": 10
        }
      ]
    },
    {
      "cell_type": "code",
      "source": [
        "agg = tensor.sum()\n",
        "agg_item=agg.item()\n",
        "print(agg)\n",
        "print(agg_item)\n",
        "print(type(agg))\n",
        "print(type(agg_item))"
      ],
      "metadata": {
        "colab": {
          "base_uri": "https://localhost:8080/"
        },
        "id": "ZtsEbDUMNziW",
        "outputId": "f11780fe-3e27-44d7-da72-c00dce362b55"
      },
      "execution_count": 11,
      "outputs": [
        {
          "output_type": "stream",
          "name": "stdout",
          "text": [
            "tensor(6.1749)\n",
            "6.174900054931641\n",
            "<class 'torch.Tensor'>\n",
            "<class 'float'>\n"
          ]
        }
      ]
    },
    {
      "cell_type": "code",
      "source": [
        "print(tensor)\n",
        "print(tensor, \"\\n\")\n",
        "tensor.add_(5)\n",
        "print(tensor)"
      ],
      "metadata": {
        "colab": {
          "base_uri": "https://localhost:8080/"
        },
        "id": "Hcbn4DpvSk4-",
        "outputId": "28c2b0b5-9f7f-4e91-8701-2938d746ed35"
      },
      "execution_count": 12,
      "outputs": [
        {
          "output_type": "stream",
          "name": "stdout",
          "text": [
            "tensor([[0.1889, 0.0000, 0.6829, 0.1118],\n",
            "        [0.5405, 0.0000, 0.6053, 0.7788],\n",
            "        [0.1852, 0.0000, 0.9092, 0.8866],\n",
            "        [0.7128, 0.0000, 0.1215, 0.4514]])\n",
            "tensor([[0.1889, 0.0000, 0.6829, 0.1118],\n",
            "        [0.5405, 0.0000, 0.6053, 0.7788],\n",
            "        [0.1852, 0.0000, 0.9092, 0.8866],\n",
            "        [0.7128, 0.0000, 0.1215, 0.4514]]) \n",
            "\n",
            "tensor([[5.1889, 5.0000, 5.6829, 5.1118],\n",
            "        [5.5405, 5.0000, 5.6053, 5.7788],\n",
            "        [5.1852, 5.0000, 5.9092, 5.8866],\n",
            "        [5.7128, 5.0000, 5.1215, 5.4514]])\n"
          ]
        }
      ]
    },
    {
      "cell_type": "code",
      "source": [
        "t=torch.ones(5)\n",
        "print(t)\n",
        "n=t.numpy()\n",
        "print(n)\n",
        "\n",
        "t.add_(1)\n",
        "\n",
        "print(t)\n",
        "print(n)\n"
      ],
      "metadata": {
        "colab": {
          "base_uri": "https://localhost:8080/"
        },
        "id": "OjDxwHC6WEc6",
        "outputId": "c4146cfe-cf7f-4c4d-a1a1-9f3cbba52893"
      },
      "execution_count": 13,
      "outputs": [
        {
          "output_type": "stream",
          "name": "stdout",
          "text": [
            "tensor([1., 1., 1., 1., 1.])\n",
            "[1. 1. 1. 1. 1.]\n",
            "tensor([2., 2., 2., 2., 2.])\n",
            "[2. 2. 2. 2. 2.]\n"
          ]
        }
      ]
    },
    {
      "cell_type": "code",
      "source": [
        "n=np.ones(5)\n",
        "t=torch.from_numpy(n)\n",
        "\n",
        "print(n)\n",
        "print(t)\n",
        "\n",
        "np.add(n,1,out=n)\n"
      ],
      "metadata": {
        "colab": {
          "base_uri": "https://localhost:8080/"
        },
        "id": "xEz3SL8qNz5S",
        "outputId": "ea161f6c-27e6-4f44-cad2-c3c95e1faa28"
      },
      "execution_count": 17,
      "outputs": [
        {
          "output_type": "stream",
          "name": "stdout",
          "text": [
            "[1. 1. 1. 1. 1.]\n",
            "tensor([1., 1., 1., 1., 1.], dtype=torch.float64)\n"
          ]
        },
        {
          "output_type": "execute_result",
          "data": {
            "text/plain": [
              "array([2., 2., 2., 2., 2.])"
            ]
          },
          "metadata": {},
          "execution_count": 17
        }
      ]
    },
    {
      "cell_type": "code",
      "source": [
        "from google.colab import drive\n",
        "drive.mount('/content/drive')"
      ],
      "metadata": {
        "id": "H6jYO_i4XvvN"
      },
      "execution_count": null,
      "outputs": []
    },
    {
      "cell_type": "code",
      "source": [],
      "metadata": {
        "id": "Zqbn3Yr3WE30"
      },
      "execution_count": null,
      "outputs": []
    }
  ]
}